72593689
104717507
147143653
244236176
245558715
296924024
486843667
489035206
539240199
545534357
547245318
552427608
565575138
572712225
623867858
634906628
728885317
755847237
785031284
805746663
905797322
906228413
977866143
1025393815
1030012019
1104466351
1107949140
1118505600
1161296095
1192920608
1324034615
1334251687
1387505169
1444685023
1465626752
1553709427
1759685834
1927764466
1955325325
1976012864
2026598387
2027952409
2048978342
2106466203
2115250876
2142922365
2149603724
2170790102
2187261515
2226593888
2287143902
2298292067
2321337986
2387593042
2391167062
2428790239
2429354053
2452567575
2456903478
2506042949
2531144770
2584491919
2742856284
2745928654
2788449507
2833124253
2866489240
2955853479
3012864664
3148968554
3192017200
3213529958
3217677041
3305871370
3309147370
3379213673
3393614635
3458485926
3546792543
3553542816
3617541657
3653303069
3655311003
3669537464
3752918838
3780023666
3821232074
3831267936
3912271583
3922118837
3948496054
3970438204
4058822183
4086009460
4107888203
4189953905
4212413696
4225208446
4272714002
4277729237